14.526167
7.765642
7.275820
7.308691
12.640559
7.313830
12.815661
7.598372
13.197031
7.239712
7.368129
7.803965
7.384988
7.812818
7.536147
7.419257
7.305283
7.241923
7.651672
7.700064
8.160996
7.385079
7.553322
7.441474
7.624762
7.314372
8.552864
7.249637
10.448766
7.750292
7.216537
7.227477
7.982150
7.829685
8.861536
8.392286
7.733778
7.410367
7.297068
10.514385
15.464137
7.856798
7.286438
7.327529
13.372478
7.332464
13.566019
7.666170
13.984448
7.244118
7.400060
7.878638
7.414303
7.908457
7.588261
7.451188
7.320869
7.244087
7.702014
7.783083
7.751014
7.296908
7.532922
7.474042
7.688818
7.330291
8.758565
7.202400
10.919685
7.240156
7.212510
7.228953
8.113919
7.934951
7.510628
8.586304
7.201982
7.442606
7.262529
10.997076
17.479930
7.308971
7.214847
7.339914
14.959213
7.303452
7.878455
7.827849
15.730185
7.257680
7.465570
7.828157
7.487611
7.540199
7.717604
7.517248
7.366215
7.247384
7.843450
7.976653
7.373490
7.338887
7.633389
7.555499
7.343523
7.329623
8.291725
7.206853
11.981001
7.249827
7.213792
7.234267
7.626432
8.179988
7.612476
9.040875
7.209402
7.443578
7.292744
11.958167
19.363230
7.332294
7.216586
7.219124
16.237987
7.326604
7.808873
7.810726
7.311444
7.269210
7.535778
7.989611
7.203283
7.630471
7.710749
7.451143
7.402314
7.257743
7.318235
8.169021
7.409941
7.373225
7.743195
7.539298
7.375815
7.363594
7.742814
7.214672
12.965905
7.266267
7.210555
7.232043
7.673255
7.374950
7.720913
9.484569
7.215177
7.294398
7.323347
12.961652
16.955883
7.247178
7.211164
7.204303
8.218276
7.231161
8.211490
7.211991
7.424261
7.196756
7.722111
7.373301
7.209702
7.995637
7.218110
7.218938
7.204349
7.302237
7.420461
8.985320
7.550176
7.533874
7.226928
7.836142
7.407604
7.502003
7.205173
7.211465
16.587051
7.225784
7.200874
7.233359
8.074094
7.204353
7.947349
9.118784
7.209626
7.208297
7.255742
14.444240
